3. 11113313, 1733311111011311 0. 1110111111 1 ARKTISKA NORRBOTTEN. 75

Endast 1731 10111331 133331133131131 1131 (1333173113 1 311-
13331131 31311 1111 13111 1311083333, 3133 33311111311 31, 311 (13
17331313 1133, 3013 3333113 33(1311 (13 1311 33311101113 33 1111731131
(13 113333, 313 1 11313133 3333 11113(113 113113 318 flytande.

Af (13333 13 experiment 11313831 13(133 1131 3101 betydelse
(131 3831, 013 11313 11631 med 3113 173133, 31131 0111 (131 131 31111313
p& sjalfva yizan.

Gentiana nivalis, Ε1ὃ33 173133 med 31731181131, redan 31131
5 13133131 116113 33813 11611 311 3533113, (13 flyta (10011 1 311-
111331131 311 11131113, 33813 13 133813 tid.

Pedicularis lapponica. Frbna 173133 1113(1 31731181131, 3333113
(131113 8311331ῗ

Visca‘ria alpina. Vatas ’131311171 1311, 3333113 0133ᾶ3111311
(13131131.

Gerastium alpinum (1313113 1163). Vatas 1311, 33311113
311311.

Saxifraya stellaris, Prima· flyta 311733 0111 (13 1 3111 11311131
173133, 31131 10 1111113131 113(13 (10011 12 11611 31 100 33331111, 0011
31131 3 11133131 113(13 3113 33331111.

Rhodiola rosea. Ὲ1633 115713, 013 (13 16131111181 138833 pei
17311331, 31131 3 1111113131 113(13 5 31331111, 31131 30 1111113131 13,
0011 pez mindre 311 3 1111111131 113(13 3113 50 sJ'unkiss.

sibbaldia procumbens, Frbna 173133 ej af 17311331, flyta
131183, 311733 33(1·311 (13 33331111 1111 11011333 113333 (13 1311, 0111
(13 3111113833 0011 138833 pfl, 57133, 133 311 flyta.

Astrayalzts alpinus, Vassas 1311, sjunka (131113 833331.

Juncus trifidus, Vatas med 3173118331, 1333 sJ'unka sedan
833331.

Β3ᾶ33 31 (13333 13 3ΧΡ31113331 317333, 311 1331118113133 161
33 (131 31 (13 alpina artemas 1163 311 (1113111 med 17311331
1013133 133813 tid och 3013 33 fffljd (13131 311733 1311813 31-
313131 eJ’ 31 33 3101, 30111 11133 0113 seri 111131313133 upp-
gifvas: NORMAN¹ 1. 311. 33331, 311 bland andra Ποῖα, ὂ-ῖῙίονα,
Viscaria alpina 0011 Astrayalus alpinus 3113113 med 13111131
spridas 113 31117311331.

Εὸ11131133ᾶ311, 3013 13011731113 (133 (11131113 spridningen 83-
110111 17311331, (1311833013 311 11633 13133, 3101 (11131333 1 1331133,
som 0113 31 308 161 311 17313 (1313, 138331, 3013 3313111811713
861 (131 1 3333 11ὃ813 grad, och (13 316113 31131 13131113 1117111-

 

¹ Norges 3111113113 flora, l. 3.

 

